1308
58505
5462
13605
60580
55820
42843
12992
1854
11861
44867
52762
43801
44679
57882
2516
21683
21157
30411
20412
62708
59097
14584
47834
30964
44853
33964
36992
52755
32792
60174
2158
50943
37453
49776
52158
35436
41309
10305
16776
10106
18647
29002
46701
45002
49788
52977
10879
49423
1973
9912
32436
49312
23747
1740
24952
37106
42975
1646
43025
11120
57915
12008
18979
3791
59628
43095
27670
46011
63574
28816
26347
25744
61950
26814
34301
43644
64264
19314
59374
38860
5441
55258
5526
13716
40363
39701
8819
16316
28278
40274
37975
46791
5939
59576
38320
2056
53548
27520
44422
7182
42901
22558
7177
19928
40876
36220
10432
33911
27741
8394
59945
39398
36796
12859
64622
11726
27357
20674
1940
38801
5809
54858
3025
4289
28272
35030
65179
28196
12934
5359
2751
59976
55737
32253
39882
3786
35290
47292
32578
45690
53724
20051
46911
7922
26911
6877
57256
43548
15119
9140
11387
42003
63318
49066
22966
14726
54807
12571
22435
31507
6420
42567
58901
54473
28277
54057
43326
62141
56520
61535
59686
64016
29028
32641
9191
38425
63332
24132
51406
10423
30197
14825
57730
20604
52458
39663
36085
24732
14039
31057
4066
39602
48263
31437
54971
21132
16031
49708
12033
19869
60463
7990
14502
60395
4007
48845
48422
3086
39919
26620
16460
20705
57552
18853
59294
62167
7528
15248
20534
43448
8378
45209
18671
25420
59415
62842
48903
24895
53576
29645
14237
18854
59252
47689
36635
37696
30076
58780
43758
13837
3080
34602
30772
29562
48130
23707
17733
64576
23789
37566
60129
26275
18679
7127
42495
21260
17268
64511
11188
24667
457
45239
48873
6686
36571
54058
41592
55838
1583
18733
35775
33235
47686
16398
65530
24733
4510
28698
13387
19991
21358
59447
60185
17932
22723
45342
21512
53885
64699
48847
31781
33090
5846
57382
56431
4880
27063
5941
60371
8906
59092
9342
51533
43670
57605
10900
33087
4665
46335
29236
43206
46144
17256
16396
63682
63332
36134
53269
51938
64514
21350
20015
21412
19543
51856
41871
50891
9735
64923
15328
16097
38426
13976
16187
58910
21251
44506
56793
1417
43946
29523
7146
61682
1113
20885
28010
20868
50106
42954
30564
51050
43086
33854
31802
54183
47896
50074
36679
12302
17347
34450
22532
19065
42700
55319
20900
17454
9268
3583
26808
17677
20054
62771
10323
60942
25078
44440
21096
28105
39827
45261
30496
65189
16353
38475
35820
7954
26422
65318
32820
31522
8952
45128
43558
33308
18914
19368
42362
58514
61869
39881
55122
32365
17220
53553
26828
26181
10201
64438
52428
20164
6597
2453
8239
2526
53634
35021
11566
42613
20149
44044
3698
18985
60423
53316
19394
61550
25596
6836
29671
40982
25173
11547
17819
22394
63926
20333
13852
61321
63023
32644
53208
62831
64336
20642
61626
3021
60854
25125
17886
48466
44287
63190
40190
58846
18870
8470
20882
29374
60338
21509
32873
22756
40558
33492
65247
18169
23239
24099
48799
62329
26055
34712
11029
33422
35896
38493
48527
36533
51003
40909
2013
63585
26882
18137
34399
65022
24301
32393
55517
56711
16619
39192
28860
42274
33427
39236
10834
1888
61950
14145
45427
19524
57421
39487
32281
32689
35170
25325
55440
7048
6278
34633
54289
54474
38985
27713
58964
17056
8556
8918
33215
35313
14652
15475
25026
29335
55215
6558
33940
37534
27377
14073
50849
64134
7560
58156
55638
53561
63336
3336
46109
2570
20024
55318
27257
10350
38678
16168
32889
22175
39306
58583
54896
52307
24896
61682
14705
9035
4087
27754
42560
9944
58325
25424
42051
29744
50571
25130
35807
53589
28282
57798
33659
2544
30362
24225
59183
56105
13693
12194
17395
39673
34537
30518
8083
54197
62191
35354
13754
41769
2279
60659
22387
54316
38177
9392
41141
3173
47095
23248
40502
5126
23346
40304
22592
58628
30229
59444
3188
26895
31100
18135
60444
21296
59959
10401
9594
29267
254
19823
14450
63139
21046
48575
28760
4982
20003
44926
57784
62560
30771
34097
31253
21540
46195
46422
15549
64072
178
6124
22975
44465
30229
6413
15914
41647
62434
42238
24183
20256
22322
21696
20544
49746
31193
48639
50864
58896
18073
40617
22690
21842
16037
32656
16181
2395
42558
62109
52072
61972
55435
40104
28606
30817
46956
10430
25562
58152
55253
14232
2593
67
36800
33150
65155
19352
56563
8189
43101
65169
50511
16188
7042
840
12011
270
17693
10032
45457
56853
49989
11069
53583
18428
16746
26992
50140
15019
58139
54265
1585
3669
47519
36510
56740
33035
47680
29252
32215
8339
25324
29334
7096
3313
39760
18698
13079
19809
18920
34052
49468
32008
6482
24884
6321
34342
37383
39026
12820
6891
45751
8846
18696
64998
50419
57936
3067
25101
12295
9009
24317
24477
22559
30076
30342
57281
14099
19711
64489
27012
52754
28433
46016
57100
1774
2856
17389
46841
16439
33666
54320
21248
60413
52162
18198
18172
11588
38964
12895
15041
48865
50155
58111
22887
8056
39976
835
19066
44045
36622
42503
37223
7486
57459
55845
64728
38213
62505
41531
59351
56829
51071
30673
20711
39275
54846
60282
56436
27686
49251
40509
24652
45625
5967
45457
33057
13504
10695
60146
43596
58082
65407
33850
28325
33796
58916
60375
26644
9660
35914
21577
28318
5580
8530
47933
32552
8793
58852
12916
43665
45031
1465
28981
44811
47301
6958
41341
31827
45973
58767
41374
26464
39368
12000
36518
36913
12986
43777
61309
19496
30549
29378
43193
58778
23694
14384
30578
52720
54176
10277
56091
24359
1238
48725
29805
25578
6258
24302
10139
65356
40944
63874
2816
58981
27561
5859
63234
41742
19772
44236
39126
16405
43296
47376
15768
2169
28848
45274
16196
11543
1354
6510
32279
13008
60304
25885
41202
1712
8010
21294
51915
51863
15282
23089
62478
43815
46164
64581
25048
60411
42937
39469
39824
26945
47519
24345
26330
62014
9768
2527
29557
30526
23861
41858
35166
13086
56391
64571
56588
58710
20835
4709
7409
18792
59693
14203
24990
11292
53668
59817
17592
33321
45178
22964
29476
28491
821
34896
22992
15407
65415
49376
27603
19929
44737
5344
41196
36302
14094
55462
28315
41047
54215
8838
47342
20757
6829
63059
13305
55034
16808
17283
59768
51948
1710
47580
8114
49373
13708
59857
40361
32203
5112
16593
13645
26179
63353
28965
